Z    N  
0    1        8.071317
1    0        7.288971
     1       13.135722
     2       14.949806
     3       24.621123
     4       32.892440
     5       41.875717
2    1       14.931216
     2        2.424916
     3       11.231233
     4       17.592095
     5       26.073126
     6       31.609681
     7       40.935896
     8       49.172316
3    1       25.323186
     2       11.678886
     3       14.086879
     4       14.907105
     5       20.945804
     6       24.954902
     7       33.052624
     8       40.728254
     9       48.919571
     10      58.340888
4    2       18.375034
     3       15.768999
     4        4.941671
     5       11.348453
     6       12.607488
               ...    
100  153     79.348918
     154     80.904351
     155     83.800963
     156     85.487368
     157     88.590741
101  150     78.966824
     154     84.844339
     156     88.997161
     157     91.688349
102  150     82.872142
     151     84.359919
     152     84.724653
     153     86.807235
     154     87.823929
     155     90.250433
103  152     89.947301
     153     91.746599
104  152     94.222685
     153     95.867612
     154     96.342263
     157    101.321771
105  154    101.991017
106  154    106.548108
     155    108.006228
     156    108.366919
108  156    119.563699
     157    120.901389
     158    121.137442
110  159    134.835736
     160    134.679272
Name: AME2012, dtype: float64
Z  N
1  0     7.288971
   1    13.135722
   2    14.949806
   3    24.621123
   4    32.892440
   5    41.875717
Name: AME2012, dtype: float64
Z  N
2  1    14.931216
   2     2.424916
   3    11.231233
   4    17.592095
   5    26.073126
   6    31.609681
   7    40.935896
   8    49.172316
Name: AME2012, dtype: float64
Z  N 
3  1     25.323186
   2     11.678886
   3     14.086879
   4     14.907105
   5     20.945804
   6     24.954902
   7     33.052624
   8     40.728254
   9     48.919571
   10    58.340888
Name: AME2012, dtype: float64
Z  N 
4  2     18.375034
   3     15.768999
   4      4.941671
   5     11.348453
   6     12.607488
   7     20.177167
   8     25.077759
   9     33.659076
   10    39.954498
   12    57.447132
Name: AME2012, dtype: float64
Z  N 
5  2     27.676550
   3     22.921577
   4     12.416488
   5     12.050690
   6      8.667883
   7     13.369416
   8     16.562119
   9     23.663685
   10    28.957988
   11    37.112271
   12    43.770816
   13    51.847133
Name: AME2012, dtype: float64
Z  N 
6  2     35.064269
   3     28.910970
   4     15.698755
   5     10.650295
   6      0.000000
   7      3.125009
   8      3.019893
   9      9.873144
   10    13.694128
   11    21.030778
   12    24.918124
   13    32.412612
   14    37.557610
   16    53.590244
Name: AME2012, dtype: float64
Z  N 
7  3     38.800107
   4     24.303642
   5     17.338072
   6      5.345481
   7      2.863417
   8      0.101439
   9      5.683907
   10     7.870075
   11    13.113168
   12    15.855521
   13    21.765110
   14    25.251164
   15    32.038675
Name: AME2012, dtype: float64
Z  N 
8  4     31.914696
   5     23.115439
   6      8.007457
   7      2.855605
   8     -4.737001
   9     -0.808764
   10    -0.782816
   11     3.332858
   12     3.796168
   13     8.061907
   14     9.283322
   15    14.620657
   16    18.500402
   17    27.347719
   18    34.733037
Name: AME2012, dtype: float64
Z  N 
9  5     31.964410
   6     16.806810
   7     10.680254
   8      1.951701
   9      0.873113
   10    -1.487444
   11    -0.017463
   12    -0.047609
   13     2.793377
   14     3.313042
   15     7.559527
   16    11.363509
   17    18.665061
   18    24.629633
   19    32.920950
Name: AME2012, dtype: float64
Z   N 
10  6     23.986154
    7     16.500451
    8      5.317623
    9      1.752054
    10    -7.041931
    11    -5.731776
    12    -8.024714
    13    -5.154044
    14    -5.951641
    15    -2.059806
    16     0.479445
    17     7.035824
    18    11.291569
    19    18.399801
    20    23.039573
    21    30.820342
Name: AME2012, dtype: float64
Z   N 
11  7     25.036931
    8     12.929391
    9      6.850604
    10    -2.184637
    11    -5.181518
    12    -9.529852
    13    -8.417958
    14    -9.357817
    15    -6.860780
    16    -5.517676
    17    -0.988315
    18     2.679976
    19     8.474670
    20    12.260935
    21    18.809658
Name: AME2012, dtype: float64
Z   N 
12  7     31.828392
    8     17.558667
    9     10.913515
    10    -0.399939
    11    -5.473264
    12   -13.933569
    13   -13.192771
    14   -16.214546
    15   -14.586614
    16   -15.018730
    17   -10.602829
    18    -8.883727
    19    -3.122337
    20    -0.828807
    21     4.962204
    22     8.323347
    23    15.639784
    24    20.380157
Name: AME2012, dtype: float64
Z   N 
13  10     6.748070
    11    -0.047614
    12    -8.916165
    13   -12.210112
    14   -17.196747
    15   -16.850530
    16   -18.204662
    17   -15.872452
    18   -14.954976
    19   -11.098528
    20    -8.468233
    21    -3.068901
    22    -0.219833
    23     5.950384
    24     9.809563
    25    16.209859
Name: AME2012, dtype: float64
Z   N 
14  10    10.744353
    11     3.827331
    12    -7.140977
    13   -12.384389
    14   -21.492795
    15   -21.895079
    16   -24.432961
    17   -22.949036
    18   -24.077686
    19   -20.514326
    20   -19.956729
    21   -14.360399
    22   -12.393323
    23    -6.594287
    24    -4.170299
    25     2.320352
    26     5.429679
    27    12.119668
Name: AME2012, dtype: float64
Z   N 
15  12    -0.722461
    13    -7.147740
    14   -16.952451
    15   -20.200608
    16   -24.440541
    17   -24.304874
    18   -26.337346
    19   -24.548698
    20   -24.857791
    21   -20.251028
    22   -18.996105
    23   -14.669556
    24   -12.829273
    25    -8.074425
    26    -4.979767
    27     1.009739
    28     4.679826
Name: AME2012, dtype: float64
Z   N 
16  12     4.073205
    13    -3.156408
    14   -14.059007
    15   -19.042525
    16   -26.015534
    17   -26.585854
    18   -29.931693
    19   -28.846217
    20   -30.664124
    21   -26.896410
    22   -26.861187
    23   -23.162346
    24   -22.837846
    25   -19.008577
    26   -17.637746
    27   -12.195459
    28    -9.204234
    29    -3.989589
Name: AME2012, dtype: float64
Z   N 
17  14    -7.066124
    15   -13.334674
    16   -21.003337
    17   -24.440087
    18   -29.013540
    19   -29.522017
    20   -31.761521
    21   -29.798087
    22   -29.800192
    23   -27.557813
    24   -27.307189
    25   -24.912990
    26   -24.322627
    27   -20.609730
    28   -18.359747
    29   -13.810330
Name: AME2012, dtype: float64
Z   N 
18  14    -2.200351
    15    -9.384293
    16   -18.378293
    17   -23.047410
    18   -30.231540
    19   -30.947648
    20   -34.714820
    21   -33.242190
    22   -35.039895
    23   -33.067505
    24   -34.422675
    25   -32.009808
    26   -32.673255
    27   -29.770796
    28   -29.730762
    29   -25.211011
Name: AME2012, dtype: float64
Z   N 
19  16   -11.172891
    17   -17.417065
    18   -24.800199
    19   -28.800754
    20   -33.807190
    21   -33.535492
    22   -35.559543
    23   -35.022026
    24   -36.575389
    25   -35.781492
    26   -36.615638
    27   -35.413924
    28   -35.711976
    29   -32.284477
    30   -29.611491
    31   -25.727848
    32   -22.516039
Name: AME2012, dtype: float64
Z   N 
20  16    -6.451150
    17   -13.136066
    18   -22.058500
    19   -27.282702
    20   -34.846386
    21   -35.137887
    22   -38.547243
    23   -38.408815
    24   -41.468658
    25   -40.812152
    26   -43.138396
    27   -42.343453
    28   -44.224759
    29   -41.299895
    30   -39.589224
    31   -36.338529
    32   -34.263009
Name: AME2012, dtype: float64
Z   N 
21  18   -14.172710
    19   -20.523336
    20   -28.642411
    21   -32.121143
    22   -36.188100
    23   -37.815978
    24   -41.071177
    25   -41.760499
    26   -44.335630
    27   -44.503420
    28   -46.561073
    29   -44.547514
    30   -43.228814
    31   -40.166506
    32   -38.107420
    33   -33.598989
    34   -29.976509
Name: AME2012, dtype: float64
Z   N 
22  18    -8.850386
    19   -15.697537
    20   -25.104663
    21   -29.321084
    22   -37.548570
    23   -39.009121
    24   -44.126996
    25   -44.936400
    26   -48.491734
    27   -48.562809
    28   -51.430681
    29   -49.731858
    30   -49.468845
    31   -46.829991
    32   -45.597053
    33   -41.667530
    34   -39.205322
    35   -33.867607
Name: AME2012, dtype: float64
Z   N 
23  20   -17.916356
    21   -24.116380
    22   -31.880549
    23   -37.074602
    24   -42.005801
    25   -44.476768
    26   -47.960953
    27   -49.223856
    28   -52.203685
    29   -51.443612
    30   -51.849991
    31   -49.892107
    32   -49.143620
    33   -46.123102
    34   -44.228389
    35   -40.319499
    36   -37.832015
    37   -33.241956
    38   -30.506429
Name: AME2012, dtype: float64
Z   N 
24  21   -19.514799
    22   -29.473531
    23   -34.560887
    24   -42.821654
    25   -45.332693
    26   -50.261709
    27   -51.451054
    28   -55.418089
    29   -55.285894
    30   -56.933697
    31   -55.108643
    32   -55.281245
    33   -52.524139
    34   -51.834726
    35   -47.891490
    36   -46.503876
    37   -42.455089
    38   -40.894961
    39   -35.722114
Name: AME2012, dtype: float64
Z   N 
25  22   -22.565442
    23   -29.323431
    24   -37.636738
    25   -42.627232
    26   -48.243495
    27   -50.706854
    28   -54.689045
    29   -55.556524
    30   -57.711725
    31   -56.910845
    32   -57.486131
    33   -55.827560
    34   -55.525320
    35   -52.967938
    36   -51.742122
    38   -46.887053
    39   -42.989034
    40   -40.967338
    41   -36.750387
Name: AME2012, dtype: float64
Z   N 
26  23   -24.750727
    24   -34.488631
    25   -40.202330
    26   -48.332293
    27   -50.946734
    28   -56.253867
    29   -57.480637
    30   -60.606422
    31   -60.181180
    32   -62.154467
    33   -60.664164
    34   -61.412375
    35   -58.920494
    36   -58.878048
    37   -55.635621
    38   -54.969544
    39   -51.221492
    40   -50.067840
    41   -46.068530
    42   -43.825349
Name: AME2012, dtype: float64
Z   N 
27  24   -27.342143
    26   -42.658627
    27   -48.009320
    28   -54.029258
    29   -56.039798
    30   -59.344948
    31   -59.846558
    32   -62.229119
    33   -61.649720
    34   -62.897623
    35   -61.423824
    36   -61.850999
    37   -59.791888
    38   -59.185198
    39   -56.408533
    40   -55.321775
    41   -51.923721
    42   -50.169085
    43   -46.919353
    44   -44.369925
Name: AME2012, dtype: float64
Z   N 
28  25   -29.630824
    26   -39.222917
    27   -45.335224
    28   -53.906909
    29   -56.083219
    30   -60.228153
    31   -61.156118
    32   -64.472533
    33   -64.221322
    34   -66.745863
    35   -65.512321
    36   -67.098478
    37   -65.125242
    38   -66.006285
    39   -63.742680
    40   -63.463814
    41   -59.978648
    42   -59.213860
    43   -55.406228
    44   -54.226061
    45   -50.108152
Name: AME2012, dtype: float64
Z   N 
29  26   -31.635399
    28   -47.308253
    29   -51.667134
    30   -56.357732
    31   -58.344551
    32   -61.983834
    33   -62.786966
    34   -65.579298
    35   -65.424094
    36   -67.263457
    37   -66.258070
    38   -67.318779
    39   -65.567034
    40   -65.736212
    41   -62.976372
    42   -62.711126
    43   -59.782998
    44   -58.987437
    45   -56.006205
    46   -54.471341
    47   -50.975985
    49   -44.497468
Name: AME2012, dtype: float64
Z   N 
30  28   -42.298153
    29   -47.214955
    30   -54.173732
    31   -56.348691
    32   -61.167512
    33   -62.213111
    34   -66.003789
    35   -65.911798
    36   -68.899062
    37   -67.880067
    38   -70.006846
    39   -68.417599
    40   -69.564709
    41   -67.328775
    42   -68.145486
    43   -65.593402
    44   -65.756712
    45   -62.558908
    46   -62.303016
    47   -58.789195
    48   -57.483234
    49   -53.432294
    50   -51.648612
    51   -46.199663
Name: AME2012, dtype: float64
Z   N 
31  30   -47.134542
    31   -51.986446
    32   -56.547092
    33   -58.832751
    34   -62.657328
    35   -63.724062
    36   -66.878896
    37   -67.085746
    38   -69.327799
    39   -68.910131
    40   -70.139097
    41   -68.588256
    42   -69.699335
    43   -68.049617
    44   -68.464580
    45   -66.296639
    46   -65.992344
    47   -63.705950
    48   -62.547678
    49   -59.223667
    50   -57.627954
    51   -52.930718
    52   -49.257122
Name: AME2012, dtype: float64
Z   N 
32  31   -46.921216
    32   -54.315496
    33   -56.478216
    34   -61.607033
    35   -62.658004
    36   -66.978789
    37   -67.100654
    38   -70.561835
    39   -69.906457
    40   -72.585901
    41   -71.297523
    42   -73.422442
    43   -71.856965
    44   -73.212889
    45   -71.212862
    46   -71.862053
    47   -69.526594
    48   -69.535305
    49   -66.291686
    50   -65.415066
    51   -60.976434
    52   -58.148427
    53   -53.123419
Name: AME2012, dtype: float64
Z   N 
33  32   -46.937051
    33   -52.025077
    34   -56.587225
    35   -58.894519
    36   -63.112163
    37   -64.341835
    38   -67.893057
    39   -68.229798
    40   -70.952749
    41   -70.860055
    42   -73.034190
    43   -72.291372
    44   -73.916319
    45   -72.816961
    46   -73.636069
    47   -72.214460
    48   -72.533314
    49   -70.103089
    50   -69.669322
    51   -65.853559
    52   -63.189143
    53   -58.962142
    54   -55.617906
Name: AME2012, dtype: float64
Z   N 
34  33   -46.580289
    34   -54.189441
    35   -56.434706
    36   -61.929891
    37   -63.146507
    38   -67.868180
    39   -68.227388
    40   -72.213202
    41   -72.169481
    42   -75.251950
    43   -74.599485
    44   -77.025909
    45   -75.917425
    46   -77.759477
    47   -76.389007
    48   -77.593919
    49   -75.340567
    50   -75.947721
    51   -72.413635
    52   -70.503166
    53   -66.426124
    54   -63.884195
    55   -58.992390
    56   -55.800217
Name: AME2012, dtype: float64
Z   N 
35  34   -46.111471
    35   -51.425620
    36   -56.502418
    37   -59.067321
    38   -63.647585
    39   -65.288249
    40   -69.107118
    41   -70.289069
    42   -73.234805
    43   -73.452125
    44   -76.068055
    45   -75.889014
    46   -77.975651
    47   -77.497277
    48   -79.013401
    49   -77.783084
    50   -78.575468
    51   -75.632251
    52   -73.891676
    53   -70.715958
    54   -68.274262
    55   -64.000297
    56   -61.107293
    57   -56.232805
    58   -52.970338
Name: AME2012, dtype: float64
Z   N 
36  35   -46.327205
    36   -53.940575
    37   -56.551750
    38   -62.331834
    39   -64.323623
    40   -69.014137
    41   -70.169442
    42   -74.179577
    43   -74.442277
    44   -77.893313
    45   -77.694814
    46   -80.590318
    47   -79.990031
    48   -82.439335
    49   -81.480330
    50   -83.265665
    51   -80.709521
    52   -79.691285
    53   -76.535784
    54   -74.959250
    55   -70.973964
    56   -68.769319
    57   -64.135994
    58   -61.347771
    59   -56.158912
    60   -53.079678
    61   -47.423491
Name: AME2012, dtype: float64
Z   N 
37  37   -51.915985
    38   -57.218694
    39   -60.479081
    40   -64.830491
    41   -66.935418
    42   -70.802985
    43   -72.175467
    44   -75.456663
    45   -76.187803
    46   -79.070629
    47   -79.758960
    48   -82.167330
    49   -82.747010
    50   -84.597790
    51   -82.608994
    52   -81.712239
    53   -79.364730
    54   -77.745126
    55   -74.772524
    56   -72.619953
    57   -68.562789
    58   -65.893881
    59   -61.354361
    60   -58.519121
    61   -54.318333
    62   -51.205403
Name: AME2012, dtype: float64
Z   N 
38  37   -46.618694
    38   -54.247638
    39   -57.803436
    40   -63.173941
    41   -65.476889
    42   -70.311480
    43   -71.528125
    44   -76.010046
    45   -76.797605
    46   -80.649555
    47   -81.103276
    48   -84.523199
    49   -84.880033
    50   -87.921351
    51   -86.208750
    52   -85.948917
    53   -83.652406
    54   -82.867392
    55   -80.085915
    56   -78.845748
    57   -75.122251
    58   -72.929855
    59   -68.582214
    60   -66.425976
    61   -62.511942
    62   -59.830146
    63   -55.561993
    64   -52.358366
Name: AME2012, dtype: float64
Z   N 
39  40   -58.356889
    41   -61.146903
    42   -65.711726
    43   -68.062962
    44   -72.204524
    45   -73.893476
    46   -77.842123
    47   -79.283199
    48   -83.018343
    49   -84.298751
    50   -87.709151
    51   -86.494860
    52   -86.351877
    53   -84.817054
    54   -84.227656
    55   -82.352842
    56   -81.211319
    57   -78.341593
    58   -76.127179
    59   -72.300590
    60   -70.655702
    61   -67.333330
    62   -65.066993
    63   -61.173366
    64   -58.457765
Name: AME2012, dtype: float64
Z   N 
40  40   -55.517043
    41   -58.396391
    43   -65.910513
    44   -71.420533
    45   -73.174025
    46   -77.968652
    47   -79.346533
    48   -83.628329
    49   -84.876390
    50   -88.773558
    51   -87.896158
    52   -88.459630
    53   -87.122683
    54   -87.270901
    55   -85.661557
    56   -85.444610
    57   -82.948417
    58   -81.292514
    59   -77.624426
    60   -76.381971
    61   -73.170750
    62   -71.593762
    63   -67.821446
    64   -65.730230
    65   -61.470962
Name: AME2012, dtype: float64
Z   N 
41  42   -58.410513
    44   -66.279675
    45   -69.132879
    46   -73.873299
    47   -76.175987
    48   -80.625395
    49   -82.662222
    50   -86.638575
    51   -86.453745
    52   -87.212984
    53   -86.369207
    54   -86.785057
    55   -85.606827
    56   -85.608088
    57   -83.530365
    58   -82.331795
    59   -79.803334
    60   -78.887990
    61   -76.310599
    62   -75.025099
    63   -71.825182
    64   -69.911912
    65   -66.199683
    66   -63.720100
    67   -59.545965
    68   -56.619931
Name: AME2012, dtype: float64
Z   N 
42  43   -57.509752
    44   -64.110244
    45   -66.884808
    46   -72.686543
    47   -75.014934
    48   -80.172886
    49   -82.208712
    50   -86.807827
    51   -86.806320
    52   -88.412843
    53   -87.710624
    54   -88.793627
    55   -87.543559
    56   -88.114842
    57   -85.968970
    58   -86.189480
    59   -83.516403
    60   -83.570462
    61   -80.966783
    62   -80.355913
    63   -77.343235
    64   -76.140819
    65   -72.557908
    66   -70.762348
    67   -66.672465
    68   -64.549112
    69   -59.937674
Name: AME2012, dtype: float64
Z   N 
43  44   -57.690044
    45   -61.681314
    46   -67.394848
    47   -70.724686
    48   -75.986253
    49   -78.925692
    50   -83.605357
    51   -84.157095
    52   -86.020106
    53   -85.820385
    54   -87.218851
    55   -86.431125
    56   -87.326776
    57   -86.019859
    58   -86.341057
    59   -84.570589
    60   -84.601889
    61   -82.507185
    62   -82.292947
    63   -79.775384
    64   -78.747902
    65   -75.920745
    66   -74.280725
    67   -71.032441
    68   -69.022535
    69   -65.255055
    70   -62.811539
Name: AME2012, dtype: float64
Z   N 
44  46   -64.883792
    47   -68.239518
    48   -74.301201
    49   -77.216712
    50   -82.583591
    51   -83.456497
    52   -86.079123
    53   -86.119303
    54   -88.224765
    55   -87.621838
    56   -89.223846
    57   -87.954577
    58   -89.102900
    59   -87.263637
    60   -88.093734
    61   -85.932515
    62   -86.322384
    63   -83.860500
    64   -83.659318
    65   -80.736351
    66   -80.070575
    67   -76.783184
    68   -75.628711
    69   -71.870352
    70   -70.222022
    71   -66.303837
    72   -64.068907
    73   -59.519672
Name: AME2012, dtype: float64
Z   N 
45  47   -62.999087
    48   -69.011800
    49   -72.907613
    50   -78.340606
    51   -79.686469
    52   -82.596303
    53   -83.175112
    54   -85.577994
    55   -85.588217
    56   -87.410826
    57   -86.780428
    58   -88.028052
    59   -86.955692
    60   -87.850550
    61   -86.361788
    62   -86.863855
    63   -85.031920
    64   -84.999925
    65   -82.828978
    66   -82.304658
    67   -79.732885
    68   -78.767745
    69   -75.713421
    70   -74.229276
    71   -70.739025
    72   -68.897589
    73   -64.887678
    74   -62.822792
Name: AME2012, dtype: float64
Z   N 
46  48   -66.101047
    49   -69.964665
    50   -76.182159
    51   -77.805842
    52   -81.320975
    53   -82.181239
    54   -85.227225
    55   -85.430657
    56   -87.930996
    57   -87.485032
    58   -89.394976
    59   -88.417759
    60   -89.907404
    61   -88.372517
    62   -89.524361
    63   -87.606632
    64   -88.331527
    65   -85.986510
    66   -86.321830
    67   -83.591301
    68   -83.491154
    69   -80.426583
    70   -79.831849
    71   -76.424685
    72   -75.388883
    73   -71.408122
    74   -70.280208
    75   -66.182327
    76   -64.616159
Name: AME2012, dtype: float64
Z   N 
47  49   -64.511635
    50   -70.825842
    51   -73.066415
    52   -76.712473
    53   -78.137959
    54   -81.334373
    55   -82.246534
    56   -84.800290
    57   -85.116322
    58   -87.070828
    59   -86.942262
    60   -88.406595
    61   -87.606688
    62   -88.719883
    63   -87.457761
    64   -88.216279
    65   -86.583717
    66   -87.026789
    67   -84.930799
    68   -84.982661
    69   -82.542653
    70   -82.182050
    71   -79.553791
    72   -78.645771
    73   -75.651501
    74   -74.402820
    75   -71.106108
    76   -69.548078
    77   -66.200133
    78   -64.230237
Name: AME2012, dtype: float64
Z   N 
48  50   -67.636415
    51   -69.931122
    52   -74.194596
    53   -75.836455
    54   -79.659534
    55   -80.651995
    56   -83.968236
    57   -84.333837
    58   -87.132015
    59   -86.990248
    60   -89.252551
    61   -88.504363
    62   -90.348765
    63   -89.253079
    64   -90.575805
    65   -89.043251
    66   -90.014842
    67   -88.084389
    68   -88.712556
    69   -86.418465
    70   -86.701720
    71   -83.977117
    72   -83.957354
    73   -81.073825
    74   -80.612373
    75   -77.414181
    76   -76.701671
    77   -73.348094
    78   -72.256802
    79   -68.490514
    80   -67.241890
    82   -61.533861
Name: AME2012, dtype: float64
Z   N 
49  51   -64.312972
    53   -70.693745
    54   -74.629515
    55   -76.182664
    56   -79.640571
    57   -80.608012
    58   -83.564248
    59   -84.119941
    60   -86.487931
    61   -86.470765
    62   -88.390901
    63   -87.991071
    64   -89.365821
    65   -88.568397
    66   -89.536343
    67   -88.249746
    68   -88.943073
    69   -87.228250
    70   -87.699500
    71   -85.728591
    72   -85.836183
    73   -83.572954
    74   -83.430454
    75   -80.870217
    76   -80.476840
    77   -77.772929
    78   -76.898298
    79   -74.145950
    80   -72.837892
    81   -69.883861
    82   -68.025582
    83   -62.408912
Name: AME2012, dtype: float64
Z   N 
50  50   -57.282972
    51   -60.305625
    52   -64.933745
    53   -66.969515
    54   -71.627041
    55   -73.337986
    56   -77.353680
    57   -78.512227
    58   -82.069943
    59   -82.630914
    60   -85.841983
    61   -85.939518
    62   -88.655990
    63   -88.328240
    64   -90.557336
    65   -90.033833
    66   -91.525995
    67   -90.397782
    68   -91.652886
    69   -90.065063
    70   -91.098591
    71   -89.197486
    72   -89.941545
    73   -87.816391
    74   -88.234237
    75   -85.896420
    76   -86.015286
    77   -83.471230
    78   -83.362021
    79   -80.607102
    80   -80.132861
    81   -77.272128
    82   -76.543912
    83   -70.874208
    84   -66.432229
    85   -60.632243
Name: AME2012, dtype: float64
Z   N 
51  53   -59.170544
    54   -64.016090
    55   -66.473291
    56   -70.653222
    57   -72.445330
    58   -76.251054
    59   -77.449733
    60   -80.836736
    61   -81.598964
    62   -84.417076
    63   -84.495645
    64   -87.003403
    65   -86.821654
    66   -88.639564
    67   -87.996246
    68   -89.474217
    69   -88.417983
    70   -89.598575
    71   -88.333624
    72   -89.224825
    73   -87.621004
    74   -88.256255
    75   -86.393286
    76   -86.699477
    77   -84.630302
    78   -84.629337
    79   -82.286266
    80   -81.981906
    81   -79.635573
    82   -78.922507
    83   -74.020541
    84   -69.689625
    85   -64.509798
    86   -60.030131
Name: AME2012, dtype: float64
Z   N 
52  53   -52.811510
    54   -58.218688
    55   -60.536329
    56   -65.781671
    57   -67.715390
    58   -72.229823
    59   -73.587477
    60   -77.567508
    61   -78.347029
    62   -81.888569
    63   -82.062759
    64   -85.268961
    65   -85.095425
    66   -87.696780
    67   -87.181217
    68   -89.368186
    69   -88.544269
    70   -90.314440
    71   -89.172136
    72   -90.525302
    73   -89.022955
    74   -90.065330
    75   -88.281659
    76   -88.993745
    77   -87.004837
    78   -87.352947
    79   -85.211010
    80   -85.188185
    81   -82.932060
    82   -82.535996
    83   -77.727859
    84   -74.425804
    85   -69.304222
    86   -65.696198
    87   -60.205071
    88   -56.356721
Name: AME2012, dtype: float64
Z   N 
53  55   -52.646529
    56   -57.673183
    57   -60.464175
    58   -64.953808
    59   -67.063329
    60   -71.119507
    62   -76.337796
    63   -77.492236
    64   -80.436079
    65   -80.971048
    66   -83.765530
    67   -83.753186
    68   -86.251640
    69   -86.080440
    70   -87.943711
    71   -87.365715
    72   -88.837185
    73   -87.911302
    74   -88.983895
    75   -87.738709
    76   -88.507142
    77   -86.936155
    78   -87.442784
    79   -85.703490
    80   -85.886571
    81   -84.059102
    82   -83.788959
    83   -79.545478
    84   -76.356251
    85   -71.979892
    86   -68.459027
    87   -63.595890
    89   -54.769984
Name: AME2012, dtype: float64
Z   N 
54  55   -46.169627
    56   -51.918586
    57   -54.392537
    58   -60.026421
    59   -62.203632
    60   -67.085889
    61   -68.656747
    62   -73.046723
    63   -74.185336
    64   -78.079056
    65   -78.794412
    66   -82.172423
    67   -82.480985
    68   -85.354976
    69   -85.248694
    70   -87.661052
    71   -87.193012
    72   -89.145566
    73   -88.321546
    74   -89.860278
    75   -88.696057
    76   -89.880462
    77   -88.413631
    78   -89.278963
    79   -87.643571
    80   -88.124303
    81   -86.416766
    82   -86.429152
    83   -82.383396
    84   -79.972231
    85   -75.644575
    86   -72.986451
    87   -68.197298
    88   -65.229639
    89   -60.202873
    90   -56.872292
    91   -51.493329
    92   -47.954942
Name: AME2012, dtype: float64
Z   N 
55  57   -46.287280
    58   -51.763919
    59   -54.682260
    62   -66.493091
    63   -68.409367
    64   -72.305051
    65   -73.888638
    66   -77.102331
    67   -78.144759
    68   -81.043645
    69   -81.731334
    70   -84.087840
    71   -84.350454
    72   -86.240151
    73   -85.931564
    74   -87.499252
    75   -86.899743
    76   -88.058879
    77   -87.156248
    78   -88.070931
    79   -86.891154
    80   -87.581815
    81   -86.338914
    82   -86.545824
    83   -82.887048
    84   -80.701140
    85   -77.050330
    86   -74.477145
    87   -70.517830
    88   -67.673666
    89   -63.270507
    90   -60.055807
    91   -55.568953
    92   -52.018205
    93   -47.296480
Name: AME2012, dtype: float64
Z   N 
56  58   -45.959505
    61   -57.621687
    63   -64.590086
    64   -68.888638
    65   -70.744836
    66   -74.608944
    67   -75.654952
    68   -79.089775
    69   -79.668965
    70   -82.669902
    71   -82.817944
    72   -85.378907
    73   -85.063288
    74   -87.261734
    75   -86.683922
    76   -88.434990
    77   -87.553588
    78   -88.950055
    79   -87.850713
    80   -88.887138
    81   -87.721453
    82   -88.261856
    83   -84.913969
    84   -83.270226
    85   -79.732781
    86   -77.842734
    87   -73.937063
    88   -71.767080
    89   -67.516176
    90   -64.940303
    91   -60.264029
    92   -57.593735
Name: AME2012, dtype: float64
Z   N 
57  67   -70.258610
    68   -73.759484
    69   -74.973468
    70   -77.896108
    71   -78.625430
    72   -81.324613
    73   -81.627365
    74   -83.769256
    75   -83.723632
    76   -85.494383
    77   -85.218650
    78   -86.643508
    79   -86.037478
    80   -87.140904
    81   -86.521895
    82   -87.228585
    83   -84.318245
    84   -82.934609
    85   -80.023821
    86   -78.171430
    87   -74.849652
    88   -72.835315
    89   -69.046831
    90   -66.678390
    91   -62.708735
    92   -60.219913
Name: AME2012, dtype: float64
Z   N 
58  68   -70.820558
    69   -71.979336
    70   -75.533917
    71   -76.287496
    72   -79.422905
    73   -79.708439
    74   -82.470963
    75   -82.418214
    76   -84.832889
    77   -84.616356
    78   -86.508588
    79   -85.918804
    80   -87.568736
    81   -86.950204
    82   -88.079178
    83   -85.436002
    84   -84.532731
    85   -81.606215
    86   -80.431769
    87   -77.066944
    88   -75.635066
    89   -72.013882
    90   -70.398380
    91   -66.669913
    92   -64.846847
    93   -61.225051
Name: AME2012, dtype: float64
Z   N 
59  69   -66.330756
    70   -69.773558
    71   -71.175457
    72   -74.300656
    73   -75.213483
    74   -77.937580
    75   -78.527991
    76   -80.935860
    77   -81.340426
    78   -83.201836
    79   -83.131736
    80   -84.821133
    81   -84.691178
    82   -86.016422
    83   -83.788251
    84   -83.068031
    85   -80.750415
    86   -79.625824
    87   -76.680726
    88   -75.444011
    89   -72.535360
    90   -71.039365
    91   -68.300398
    92   -66.779471
    93   -63.758063
    94   -61.568457
    95   -58.194398
    96   -55.415247
Name: AME2012, dtype: float64
Z   N 
60  70   -66.596232
    71   -67.768033
    72   -71.425807
    73   -72.332372
    74   -75.646432
    75   -76.213609
    76   -79.199286
    77   -79.584566
    78   -82.018309
    79   -82.014648
    80   -84.253772
    81   -84.193408
    82   -85.949886
    83   -84.002139
    84   -83.747855
    85   -81.431837
    86   -80.925751
    87   -78.146631
    88   -77.407809
    89   -74.375279
    90   -73.679080
    91   -70.942314
    92   -70.148749
    93   -67.330270
    94   -65.684398
    95   -62.283702
    96   -60.473620
    97   -56.461520
Name: AME2012, dtype: float64
Z   N 
61  72   -65.407646
    73   -66.738751
    74   -70.026925
    75   -71.180500
    76   -74.072847
    77   -74.940483
    78   -77.500608
    79   -78.208572
    80   -80.522920
    81   -81.142059
    82   -82.960475
    83   -81.415932
    84   -81.267322
    85   -79.454206
    86   -79.041934
    87   -76.865073
    88   -76.063679
    89   -73.596464
    90   -73.385389
    91   -71.253533
    92   -70.647592
    93   -68.491327
    94   -66.939908
    95   -64.163620
    96   -62.297021
    97   -59.089187
    98   -56.554259
Name: AME2012, dtype: float64
Z   N 
62  73   -62.857215
    74   -66.810889
    75   -68.026525
    76   -71.497762
    77   -72.380218
    78   -75.455934
    79   -75.933866
    80   -78.986606
    81   -79.516703
    82   -81.965449
    83   -80.651229
    84   -80.996206
    85   -79.266008
    86   -79.336065
    87   -77.135097
    88   -77.050464
    89   -74.575599
    90   -74.761968
    91   -72.559051
    92   -72.454527
    93   -70.190170
    94   -69.362706
    95   -66.677553
    96   -65.250220
    97   -62.207753
    98   -60.234770
    99   -56.671937
Name: AME2012, dtype: float64
Z   N  
63  75    -61.749669
    76    -65.398041
    77    -66.985934
    78    -69.925620
    79    -71.313606
    80    -74.241300
    81    -75.619099
    82    -77.991543
    83    -77.117420
    84    -77.544399
    85    -76.299378
    86    -76.440481
    87    -74.791823
    88    -74.651975
    89    -72.887371
    90    -73.366327
    91    -71.737183
    92    -71.817156
    93    -70.085148
    94    -69.458297
    95    -67.255165
    96    -66.042861
    97    -63.480441
    98    -61.791501
    99    -58.694590
    100   -56.638864
Name: AME2012, dtype: float64
Z   N 
64  76   -61.782271
    77   -63.224224
    78   -66.959515
    79   -68.231300
    80   -71.759503
    81   -72.924037
    82   -76.085532
    83   -75.356575
    84   -76.269321
    85   -75.126744
    86   -75.763602
    87   -74.187955
    88   -74.706290
    89   -72.881928
    90   -73.705338
    91   -72.069250
    92   -72.534282
    93   -70.822822
    94   -70.688892
    95   -68.560782
    96   -67.940926
    97   -65.505009
    98   -64.279590
    99   -61.313864
Name: AME2012, dtype: float64
Z   N  
65  75    -50.482271
    76    -54.540837
    77    -56.559515
    78    -60.419183
    79    -62.368181
    80    -66.301929
    81    -67.763409
    82    -70.742509
    83    -70.531280
    84    -71.488858
    85    -71.105649
    86    -71.622947
    87    -70.716290
    88    -71.312942
    89    -70.155687
    90    -71.249466
    91    -70.090097
    92    -70.762778
    93    -69.469940
    94    -69.531640
    95    -67.835532
    96    -67.460822
    97    -65.674649
    98    -64.594769
    99    -62.076660
    101   -57.883483
Name: AME2012, dtype: float64
Z   N  
66  77    -52.168941
    78    -56.570082
    79    -58.242598
    80    -62.554917
    81    -64.196037
    82    -67.853216
    83    -67.699408
    84    -69.309428
    85    -68.752115
    86    -70.117944
    87    -69.142584
    88    -70.393674
    89    -69.154966
    90    -70.528335
    91    -69.423633
    92    -70.406159
    93    -69.166263
    94    -69.671423
    95    -68.054493
    96    -68.180170
    97    -66.379861
    98    -65.966660
    99    -63.611300
    100   -62.583483
    101   -59.931039
    102   -58.559979
    103   -55.597587
Name: AME2012, dtype: float64
Z   N  
67  77    -44.609513
    78    -49.120105
    79    -51.238218
    80    -55.757092
    81    -57.991157
    82    -61.662438
    83    -61.945833
    84    -63.622582
    85    -63.599035
    86    -65.012292
    87    -64.639317
    88    -66.039153
    89    -65.478335
    90    -66.830570
    91    -66.186403
    92    -67.328663
    93    -66.381423
    94    -67.196536
    95    -66.040806
    96    -66.377306
    97    -64.980767
    98    -64.898272
    99    -63.070595
    100   -62.281039
    101   -60.060709
    102   -58.797587
    103   -56.239094
    104   -54.519391
Name: AME2012, dtype: float64
Z   N  
68  78    -44.322012
    79    -46.607806
    80    -51.478988
    81    -53.741615
    82    -57.831276
    83    -58.266284
    84    -60.493935
    85    -60.472180
    86    -62.604927
    87    -62.208978
    88    -64.210384
    89    -63.389417
    90    -65.303808
    91    -64.560163
    92    -66.064228
    93    -65.200295
    94    -66.333211
    95    -65.166577
    96    -65.941586
    97    -64.520401
    98    -64.925569
    99    -63.290716
    100   -62.990709
    101   -60.922642
    102   -60.109094
    103   -57.719391
    104   -56.484065
Name: AME2012, dtype: float64
Z   N  
69  78    -35.974400
    79    -38.765027
    82    -50.777717
    83    -51.770574
    84    -53.989298
    85    -54.427163
    86    -56.625836
    87    -56.828983
    88    -58.736174
    89    -58.703194
    90    -60.570397
    91    -60.302028
    92    -61.898708
    93    -61.476483
    94    -62.727577
    95    -61.903724
    96    -62.928809
    97    -61.887902
    98    -62.544054
    99    -61.313348
    100   -61.275641
    101   -59.796295
    102   -59.211468
    103   -57.374888
    104   -56.254440
    105   -53.865547
    106   -52.311585
    107   -49.369695
Name: AME2012, dtype: float64
Z   N  
70  81    -41.542306
    82    -46.320681
    84    -49.932125
    85    -50.502687
    86    -53.258450
    87    -53.425513
    88    -56.010223
    89    -55.838758
    90    -58.164901
    91    -57.839128
    92    -59.826502
    93    -59.299250
    94    -61.017575
    95    -60.295381
    96    -61.595275
    97    -60.590901
    98    -61.581439
    99    -60.377101
    100   -60.764729
    101   -59.308029
    102   -59.256179
    103   -57.552229
    104   -56.945547
    105   -54.696585
    106   -53.489695
    107   -50.984778
    108   -49.693859
Name: AME2012, dtype: float64
Z   N  
71  82    -38.423145
    84    -42.550087
    85    -43.749924
    86    -46.456710
    87    -47.212300
    88    -49.708604
    89    -50.269937
    90    -52.562344
    91    -52.831753
    92    -54.791409
    93    -54.642370
    94    -56.442241
    95    -56.020981
    96    -57.501125
    97    -57.067388
    98    -58.084101
    99    -57.307034
    100   -57.829979
    101   -56.738135
    102   -56.882585
    103   -55.572136
    104   -55.167553
    105   -53.384219
    106   -52.385802
    107   -50.339782
    108   -49.060918
    109   -46.678794
    110   -44.797410
    112   -39.716110
Name: AME2012, dtype: float64
Z   N  
72  84    -37.867276
    86    -42.102511
    87    -42.852758
    88    -45.931271
    89    -46.315400
    90    -49.169062
    91    -49.263973
    92    -51.818224
    93    -51.635507
    94    -53.858983
    95    -53.467756
    96    -55.360552
    97    -54.716889
    98    -56.253854
    99    -55.431345
    100   -56.402225
    101   -55.411784
    102   -55.846659
    103   -54.483841
    104   -54.578442
    105   -52.883041
    106   -52.437678
    107   -50.465352
    108   -49.781794
    109   -47.405277
    110   -46.051959
    111   -43.286112
    112   -41.501557
    113   -38.319800
    114   -36.424210
Name: AME2012, dtype: float64
Z   N  
73  84    -29.643709
    86    -34.444267
    87    -35.874153
    88    -38.701466
    89    -39.780305
    90    -42.534708
    91    -43.282800
    92    -45.847601
    93    -46.097775
    94    -48.351059
    95    -48.393908
    96    -50.290430
    97    -50.137665
    98    -51.720273
    99    -51.329977
    100   -52.396538
    101   -51.740766
    102   -52.408647
    103   -51.365374
    104   -51.717041
    106   -50.359774
    107   -48.936193
    108   -48.441629
    109   -46.433249
    110   -45.296112
    111   -42.841557
    112   -41.396446
    113   -38.609805
    114   -36.900203
    115   -33.612030
Name: AME2012, dtype: float64
Z   N  
74  86    -29.376914
    88    -34.000330
    89    -34.908351
    90    -38.227878
    91    -38.861195
    92    -41.888158
    93    -42.099281
    94    -44.892853
    95    -44.917716
    96    -47.290471
    97    -47.086090
    98    -49.097186
    99    -48.727383
    100   -50.227088
    101   -49.632795
    102   -50.641603
    103   -49.701725
    104   -50.409378
    105   -49.297416
    106   -49.638565
    107   -48.253454
    108   -48.247714
    109   -46.367212
    110   -45.707557
    111   -43.389946
    112   -42.510805
    113   -39.906282
    114   -38.669876
    115   -35.617536
    116   -34.380894
    117   -31.176173
Name: AME2012, dtype: float64
Z   N  
75  86    -20.890661
    88    -26.007442
    89    -27.522974
    90    -30.643674
    91    -31.893589
    93    -35.794885
    94    -38.409165
    95    -38.917753
    96    -41.250280
    97    -41.526314
    98    -43.553865
    99    -43.673096
    100   -45.288307
    101   -45.062885
    102   -46.269170
    103   -45.653453
    104   -46.584825
    105   -45.837359
    106   -46.520978
    107   -45.447714
    108   -45.811212
    109   -44.224718
    110   -43.822614
    111   -41.930648
    112   -41.218543
    113   -39.018876
    114   -37.980718
    115   -35.634992
    116   -34.352054
    117   -31.588825
    118   -30.235364
Name: AME2012, dtype: float64
Z   N  
76  88    -20.472643
    90    -25.436794
    91    -26.502151
    92    -29.986887
    93    -30.722931
    94    -33.926451
    95    -34.303227
    96    -37.243629
    97    -37.438173
    98    -39.995085
    99    -40.105182
    100   -42.097940
    101   -41.949247
    102   -43.543966
    103   -43.019298
    104   -44.361950
    105   -43.549963
    106   -44.609073
    107   -43.664042
    108   -44.256643
    109   -42.809843
    110   -43.002379
    111   -41.221010
    112   -41.139270
    113   -38.988462
    114   -38.709442
    115   -36.396860
    116   -35.883945
    117   -33.396044
    118   -32.437191
    119   -29.511593
    120   -28.278795
Name: AME2012, dtype: float64
Z   N  
77  90    -17.077717
    91    -18.716842
    92    -22.077816
    94    -26.416935
    95    -27.379369
    96    -30.268305
    97    -30.868738
    98    -33.394442
    99    -33.859444
    100   -36.047421
    101   -36.251884
    102   -38.079308
    103   -37.977526
    104   -39.471633
    105   -39.051678
    106   -40.203311
    107   -39.610851
    108   -40.335553
    109   -39.174769
    110   -39.549372
    111   -38.351382
    112   -38.456703
    113   -36.755621
    114   -36.710837
    115   -34.837645
    116   -34.538319
    117   -32.533791
    118   -31.694334
    119   -29.437900
    120   -28.265798
    122   -24.400204
Name: AME2012, dtype: float64
Z   N  
78  90    -11.058077
    92    -16.304550
    93    -17.469939
    94    -21.097480
    95    -21.943150
    96    -25.318446
    97    -25.700179
    98    -28.933729
    99    -29.370436
    100   -31.997263
    101   -32.267927
    102   -34.435511
    103   -34.374375
    104   -36.168213
    105   -35.772347
    106   -37.338832
    107   -36.688140
    108   -37.864474
    109   -36.685050
    110   -37.829006
    111   -36.485425
    112   -37.325237
    113   -35.701452
    114   -36.292174
    115   -34.481690
    116   -34.762564
    117   -32.796302
    118   -32.646917
    119   -30.421954
    120   -29.905689
    121   -27.390372
    122   -26.600853
    123   -23.740883
    124   -22.692125
Name: AME2012, dtype: float64
Z   N  
79  92     -7.567651
    93     -9.368702
    94    -12.816496
    96    -17.415479
    97    -18.396604
    98    -21.545047
    99    -22.326122
    100   -24.988580
    101   -25.594291
    102   -27.871188
    103   -28.300768
    104   -30.189129
    105   -30.318710
    106   -31.866811
    107   -31.714852
    108   -33.027838
    109   -32.276833
    110   -33.581954
    111   -32.883237
    112   -33.811138
    113   -32.775833
    114   -33.405930
    115   -32.213155
    116   -32.569478
    117   -31.139930
    118   -31.140975
    119   -29.581995
    120   -29.094952
    121   -27.240185
    122   -26.400883
    123   -24.352979
    124   -23.143484
Name: AME2012, dtype: float64
Z   N  
80  92     -1.109439
    94     -6.646444
    95     -7.972892
    96    -11.773280
    97    -12.782594
    98    -16.316264
    99    -16.924007
    100   -20.250367
    101   -20.661122
    102   -23.576717
    103   -23.804531
    104   -26.348678
    105   -26.175551
    106   -28.538859
    107   -28.117679
    108   -30.211250
    109   -29.626234
    110   -31.370170
    111   -30.592908
    112   -32.011069
    113   -31.062849
    114   -32.183944
    115   -30.999617
    116   -31.826765
    117   -30.541036
    118   -30.954847
    119   -29.546390
    120   -29.503591
    121   -27.662727
    122   -27.345496
    123   -25.268789
    124   -24.690197
    125   -22.287468
    126   -20.945200
    127   -16.487444
    128   -13.265406
Name: AME2012, dtype: float64
Z   N  
81  95      0.581278
    96     -3.324661
    98     -8.280333
    99     -9.262288
    100   -12.798747
    101   -13.308106
    102   -16.587263
    103   -16.873221
    104   -19.757872
    105   -19.886613
    106   -22.443092
    107   -22.336400
    108   -24.602181
    110   -26.282849
    111   -25.872246
    112   -27.477212
    113   -26.937491
    114   -28.155088
    115   -27.496591
    116   -28.339875
    117   -27.494847
    118   -28.059394
    119   -27.047551
    120   -27.178934
    121   -25.986409
    122   -25.760846
    123   -24.345620
    124   -23.820349
    125   -22.252843
    126   -21.033402
    127   -16.749192
    128   -13.637674
    129    -9.246048
    130    -6.077998
    132     1.783811
Name: AME2012, dtype: float64
Z   N  
82  96      3.568780
    97      2.050323
    98     -1.929789
    99     -3.117421
    100    -6.825554
    101    -7.571092
    102   -11.051523
    103   -11.541207
    104   -14.681900
    105   -14.986905
    106   -17.814995
    107   -17.878164
    108   -20.416486
    109   -20.235776
    110   -22.565434
    111   -22.194490
    112   -24.207433
    113   -23.713115
    114   -25.360638
    115   -24.748709
    116   -26.050089
    117   -25.231676
    118   -26.250532
    119   -25.259399
    120   -25.940221
    121   -24.786006
    122   -25.109370
    123   -23.769717
    124   -23.785062
    125   -22.451523
    126   -21.748074
    127   -17.614122
    128   -14.727981
    129   -10.491300
    130    -7.547241
    131    -3.201643
    132    -0.180786
Name: AME2012, dtype: float64
Z   N  
83  101     1.187428
    103    -3.126391
    104    -6.383356
    105    -7.184666
    106   -10.064807
    107   -10.598947
    108   -13.239737
    109   -13.535485
    110   -15.872832
    112   -18.025544
    113   -18.009031
    114   -19.687033
    115   -19.369486
    116   -20.797457
    117   -20.370675
    118   -21.414660
    119   -20.740775
    120   -21.524237
    121   -20.645575
    122   -21.064159
    123   -20.027757
    124   -20.054113
    125   -18.869711
    126   -18.258150
    127   -14.791467
    128   -11.858159
    129    -8.117014
    130    -5.230276
    131    -1.199832
    132     1.648580
    133     5.873992
    134     8.729962
    135    13.216037
Name: AME2012, dtype: float64
Z   N  
84  102     4.092278
    103     2.832724
    104    -0.544393
    105    -1.421991
    106    -4.563790
    107    -5.068760
    108    -8.070533
    109    -8.359526
    110   -11.004576
    111   -11.060995
    112   -13.482535
    113   -13.358069
    114   -15.472924
    115   -15.213984
    116   -16.954318
    117   -16.524884
    118   -17.924127
    119   -17.310760
    120   -18.340801
    121   -17.509208
    122   -18.188360
    123   -17.145300
    124   -17.469152
    125   -16.365570
    126   -15.952695
    127   -12.432126
    128   -10.369040
    129    -6.653080
    130    -4.469603
    131    -0.540130
    132     1.783984
    133     5.885328
    134     8.358805
    135    12.681359
    136    15.263461
    137    19.773755
    138    22.486265
Name: AME2012, dtype: float64
Z   N  
85  106     3.863753
    107     2.935796
    108    -0.067609
    109    -0.711531
    110    -3.475827
    111    -3.912629
    112    -6.344231
    114    -8.823433
    115    -8.987971
    116   -10.789358
    117   -10.590805
    118   -12.162526
    119   -11.875432
    120   -12.970252
    121   -12.428986
    122   -13.226905
    123   -12.469628
    124   -12.882361
    125   -11.971655
    126   -11.646829
    127    -8.627788
    128    -6.579162
    129    -3.379399
    130    -1.254862
    131     2.257527
    132     4.395928
    133     8.099083
    134    10.397195
    135    14.375747
    136    16.782727
    137    20.953026
    138    23.428006
    139    27.711015
Name: AME2012, dtype: float64
Z   N  
86  107     9.042924
    108     5.723462
    109     5.050256
    110     1.971040
    111     1.476065
    112    -1.230357
    113    -1.499839
    114    -4.014338
    115    -4.072482
    116    -6.274285
    117    -6.159279
    118    -7.982976
    119    -7.713850
    120    -9.115396
    121    -8.634713
    122    -9.655227
    123    -8.928826
    124    -9.604535
    125    -8.755009
    126    -8.659243
    127    -5.697884
    128    -4.319378
    129    -1.168195
    130     0.253235
    131     3.658925
    132     5.217844
    133     8.830900
    134    10.613564
    135    14.472693
    136    16.374031
    137    20.389739
    138    22.445098
    139    26.534142
    140    28.747193
    141    32.885834
    142    35.243465
    143    39.362400
Name: AME2012, dtype: float64
Z   N  
87  112     6.761337
    113     6.134822
    114     3.601709
    116     0.876284
    117     0.607390
    118    -1.309812
    119    -1.242490
    120    -2.844337
    121    -2.665813
    122    -3.767956
    123    -3.332504
    124    -4.139817
    125    -3.515782
    126    -3.552680
    127    -0.958197
    128     0.318420
    129     2.971341
    130     4.314943
    131     7.059470
    132     8.618581
    133    11.483181
    134    13.278600
    135    16.349762
    136    18.383978
    137    21.795097
    138    23.820800
    139    27.540552
    140    29.685782
    141    33.369073
    142    35.674357
    143    39.510575
    144    42.064406
Name: AME2012, dtype: float64
Z   N  
88  114     9.091143
    115     8.666876
    116     6.047135
    117     5.838833
    118     3.565809
    119     3.538895
    120     1.714994
    121     1.854098
    122     0.460315
    123     0.832024
    124    -0.198673
    125     0.357934
    126     0.092896
    127     2.534055
    128     3.291363
    129     5.887719
    130     6.651455
    131     9.394568
    132    10.270534
    133    12.964236
    134    14.321577
    135    17.234808
    136    18.827328
    137    21.994303
    138    23.669571
    139    27.179458
    140    28.942197
    141    32.548508
    142    34.516307
    143    38.216486
    144    40.496954
    145    44.322348
    146    46.893271
Name: AME2012, dtype: float64
Z   N  
89  118    11.146100
    119    10.759134
    120     8.844314
    121     8.789626
    122     7.202218
    123     7.277922
    124     6.156263
    125     6.444531
    126     6.030969
    127     8.144502
    128     8.703762
    129    10.844119
    130    11.569836
    131    13.744058
    132    14.523463
    133    16.621748
    134    17.826697
    135    20.234997
    136    21.638594
    137    24.310487
    138    25.851085
    139    28.896386
    140    30.698209
    141    33.838383
    142    35.762849
    143    39.154419
    144    41.308033
    145    44.841190
    146    47.357155
    147    51.220992
Name: AME2012, dtype: float64
Z   N  
90  118    16.674000
    119    16.536789
    120    14.059638
    121    13.906710
    122    12.097868
    123    12.118013
    124    10.712329
    125    10.921557
    126    10.298604
    127    12.218129
    128    12.366823
    129    14.473071
    130    14.669306
    131    16.938354
    132    17.203317
    133    19.386117
    134    19.993944
    135    22.310551
    136    23.197352
    137    25.806321
    138    26.772323
    139    29.586778
    140    30.864244
    141    33.817544
    142    35.448712
    143    38.733643
    144    40.614449
    145    44.017749
    146    46.255198
    147    49.955092
Name: AME2012, dtype: float64
Z   N  
91  121    21.613450
    122    19.663130
    123    19.485441
    124    17.868783
    125    17.799838
    126    17.069966
    127    18.684447
    128    18.540484
    130    20.376377
    132    22.321032
    133    23.862654
    134    24.340878
    135    26.033471
    136    26.832012
    137    28.924447
    138    29.898383
    139    32.174778
    140    33.425957
    141    35.947972
    142    37.490046
    143    40.340361
    144    42.288896
    145    45.333950
    146    47.527618
    147    50.894038
Name: AME2012, dtype: float64
Z   N  
92  126    21.911973
    127    23.286540
    131    25.838886
    132    25.714044
    133    27.377867
    134    27.329197
    135    29.022347
    136    29.222357
    137    31.210899
    138    31.614997
    139    33.807514
    140    34.610869
    141    36.920254
    142    38.146828
    143    40.920654
    144    42.446515
    145    45.392055
    146    47.309112
    147    50.574046
    148    52.716372
Name: AME2012, dtype: float64
Z   N  
93  132    31.587793
    134    32.562356
    135    33.596070
    136    33.779829
    137    35.236487
    138    35.625328
    140    37.949987
    141    39.956674
    142    41.044874
    143    43.379438
    144    44.873466
    145    47.456463
    146    49.312586
    147    52.317758
    148    54.261981
    149    57.418575
Name: AME2012, dtype: float64
Z   N  
94  134    36.079083
    135    37.393536
    136    36.934002
    137    38.285812
    138    38.363191
    139    40.052115
    140    40.349887
    141    42.183829
    142    42.902852
    143    45.093467
    144    46.164946
    145    48.590073
    146    50.127186
    147    52.956981
    148    54.718575
    149    57.755978
    150    59.806815
    151    63.179566
    152    65.395964
Name: AME2012, dtype: float64
Z   N  
95  140    44.626243
    143    48.423290
    144    49.392190
    145    51.511976
    146    52.936198
    147    55.469876
    148    57.176315
    149    59.881141
    150    61.902280
Name: AME2012, dtype: float64
Z   N  
96  137    47.291952
    138    46.723960
    140    47.855018
    141    49.247430
    142    49.445025
    143    51.148445
    144    51.725565
    145    53.703583
    146    54.805418
    147    57.183788
    148    58.453841
    149    61.004897
    150    62.618605
    151    65.534451
    152    67.393463
    153    70.751410
    154    72.990299
    155    76.649327
Name: AME2012, dtype: float64
Z   N  
97  146    58.691380
    147    60.715692
    148    61.815639
    149    63.968605
    150    65.490830
    152    69.850571
    153    72.951535
    154    75.229327
Name: AME2012, dtype: float64
Z   N  
98  139    57.936868
    142    57.990838
    144    59.386724
    146    61.479351
    147    63.386935
    148    64.091940
    149    66.103904
    150    67.239957
    151    69.725962
    152    71.171958
    153    74.136327
    154    76.035247
    155    79.302276
    156    81.342027
Name: AME2012, dtype: float64
Z   N  
99  148    68.578468
    152    74.513546
    153    77.295247
    154    79.014646
    155    81.992151
    156    84.090583
Name: AME2012, dtype: float64
Z    N  
100  146    70.188512
     148    71.898728
     149    73.520540
     150    74.073366
     151    75.953919
     152    76.817572
     153    79.348918
     154    80.904351
     155    83.800963
     156    85.487368
     157    88.590741
Name: AME2012, dtype: float64
Z    N  
101  150    78.966824
     154    84.844339
     156    88.997161
     157    91.688349
Name: AME2012, dtype: float64
Z    N  
102  150    82.872142
     151    84.359919
     152    84.724653
     153    86.807235
     154    87.823929
     155    90.250433
Name: AME2012, dtype: float64
Z    N  
103  152    89.947301
     153    91.746599
Name: AME2012, dtype: float64
Z    N  
104  152     94.222685
     153     95.867612
     154     96.342263
     157    101.321771
Name: AME2012, dtype: float64
Z    N  
105  154    101.991017
Name: AME2012, dtype: float64
Z    N  
106  154    106.548108
     155    108.006228
     156    108.366919
Name: AME2012, dtype: float64
Series([], Name: AME2012, dtype: float64)
Z    N  
108  156    119.563699
     157    120.901389
     158    121.137442
Name: AME2012, dtype: float64
Series([], Name: AME2012, dtype: float64)
Z    N  
110  159    134.835736
     160    134.679272
Name: AME2012, dtype: float64
Series([], Name: AME2012, dtype: float64)
Series([], Name: AME2012, dtype: float64)
Series([], Name: AME2012, dtype: float64)
Series([], Name: AME2012, dtype: float64)
Series([], Name: AME2012, dtype: float64)
Series([], Name: AME2012, dtype: float64)
